 -6.41834231e+00
 -6.41834231e+00
 -6.41834231e+00
 -4.83900193e+00
 -4.83900193e+00
 -1.90205755e+00
 -1.23040822e+00
 -1.23040822e+00
 -4.25852914e+00
 -1.25852914e+00
 4.56087079e+00
 -1.43912921e+00
 5.60870787e-01
 -4.39129213e-01
 -4.39129213e-01
 2.21099441e+00
 1.21099441e+00
 4.21099441e+00
 2.10994414e-01
 -1.78900559e+00
 -1.78900559e+00
 3.67508602e+00
 3.67508602e+00
 -2.32491398e+00
 6.93710307e+00
 -6.28969320e-02
 2.98254562e+00
 2.79941826e+00
 -1.62073015e+00
 9.71822212e+00
 3.71822212e+00
 -1.82135139e-01
 8.17864861e-01
 -2.31412845e+00
 -2.93199281e+00
 -3.93199281e+00
 -3.79769286e+00
 -4.84848205e+00
 6.01894530e+00
 -6.20852999e+00
 4.00020839e-01
 3.40002084e+00
 8.31817727e+00
 -5.42270838e+00
 -6.32680133e+00
 -7.32680133e+00
 4.05901212e+01
 9.59012121e+00
 -4.09878786e-01
 -6.40987879e+00
 -2.67980973e+00
 3.20190270e-01
 -1.06798097e+01
 -3.67980973e+00
 -4.67980973e+00
 -4.67980973e+00
 -3.13509314e+00
 -2.13509314e+00
 3.02357620e+01
 9.23576201e+00
 -3.76423799e+00
 -3.76423799e+00
 -4.76423799e+00
 -3.76423799e+00
 -5.76423799e+00
 -1.76423799e+00
 2.14538616e+01
 2.45386158e+00
 7.45386158e+00
 -4.54613842e+00
 5.45386158e+00
 -4.54613842e+00
 -3.54613842e+00
 -1.25461384e+01
 -6.54613842e+00
 -3.54613842e+00
 -6.54613842e+00
 -4.54613842e+00
 9.54850127e+00
 -4.51498726e-01
 -7.45149873e+00
 -6.45149873e+00
 -2.45149873e+00
 -2.45149873e+00
 -6.45149873e+00
 -1.45149873e+00
 3.55477028e+00
 -1.04452297e+01
 -5.44522972e+00
 1.65547703e+01
 8.55477028e+00
 1.55477028e+00
 1.55477028e+00
 -1.34452297e+01
 -1.34452297e+01
 -3.44522972e+00
 -2.44522972e+00
 -1.04452297e+01
 -3.44522972e+00
 -4.44522972e+00
 -2.44522972e+00
 -4.44522972e+00
 5.54770276e-01
 -6.44522972e+00
 5.51040562e+00
 8.51040562e+00
 7.51040562e+00
 -7.48959438e+00
 2.51040562e+00
 -6.48959438e+00
 -5.48959438e+00
 5.10405623e-01
 5.51040562e+00
 -7.48959438e+00
 -1.14895944e+01
 -4.89594377e-01
 -1.54895944e+01
 -8.48959438e+00
 -1.48959438e+00
 -8.48959438e+00
 -3.48959438e+00
 -6.48959438e+00
 1.44522436e+01
 2.14522436e+01
 1.45224357e+00
 -1.25477564e+01
 -9.54775643e+00
 -4.54775643e+00
 -1.25477564e+01
 -8.54775643e+00
 -1.45477564e+01
 -4.54775643e+00
 -1.15477564e+01
 -1.15477564e+01
 6.45224357e+00
 -2.54775643e+00
 -6.54775643e+00
 3.41268695e+00
 -5.58731305e+00
 1.41268695e+00
 1.14126869e+01
 -6.58731305e+00
 -2.58731305e+00
 -1.15873131e+01
 7.41268695e+00
 -1.45873131e+01
 -7.58731305e+00
 -1.58731305e+00
 -5.58731305e+00
 1.04126869e+01
 -4.58731305e+00
 -5.58731305e+00
 -1.45873131e+01
 -1.95873131e+01
 -5.87313054e-01
 1.41268695e+00
 -9.58339036e+00
 -9.58339036e+00
 -8.58339036e+00
 1.64166096e+01
 -1.58339036e+00
 -5.83390364e-01
 -1.58339036e+00
 -2.58339036e+00
 -1.45833904e+01
 -6.58339036e+00
 -1.25833904e+01
 6.41660964e+00
 4.16609636e-01
 3.41660964e+00
 9.41660964e+00
 3.41660964e+00
 5.41660964e+00
 4.41660964e+00
 -4.58339036e+00
 -1.05833904e+01
 -1.45833904e+01
 5.41660964e+00
 -8.58339036e+00
 -1.58339036e+00
 1.41660964e+00
 -4.58339036e+00
 1.54166096e+01
 5.47905110e+00
 4.47905110e+00
 -1.05209489e+01
 3.47905110e+00
 1.04790511e+01
 5.47905110e+00
 9.47905110e+00
 1.74790511e+01
 1.47905110e+00
 -1.52094890e+00
 -5.52094890e+00
 -5.20948895e-01
 9.47905110e+00
 -2.55209489e+01
 -3.52094890e+00
 3.47905110e+00
 -1.25209489e+01
 9.47905110e+00
 -7.52094890e+00
 -1.52094890e+00
 -5.20948895e-01
 -2.45209489e+01
 -3.52094890e+00
 -5.20948895e-01
 7.47905110e+00
 -4.52094890e+00
 5.47905110e+00
 -4.39606639e+00
 -1.53960664e+01
 1.60393361e+00
 -1.73960664e+01
 -7.39606639e+00
 1.16039336e+01
 -1.33960664e+01
 -8.39606639e+00
 -2.39606639e+00
 8.60393361e+00
 1.16039336e+01
 -9.39606639e+00
 -7.39606639e+00
 7.60393361e+00
 -5.39606639e+00
 -1.39606639e+00
 6.60393361e+00
 7.60393361e+00
 -5.39606639e+00
 -6.39606639e+00
 1.60393361e+00
 4.60393361e+00
 6.60393361e+00
 -1.03960664e+01
 -9.39606639e+00
 -6.39606639e+00
 1.26039336e+01
 -7.39606639e+00
 -2.03960664e+01
 -3.39606639e+00
 -3.96066388e-01
 -2.39606639e+00
 -9.39606639e+00
 3.60393361e+00
 1.46039336e+01
 -6.21610612e+00
 6.78389388e+00
 -8.21610612e+00
 3.78389388e+00
 -4.21610612e+00
 3.78389388e+00
 8.78389388e+00
 -1.82161061e+01
 -4.21610612e+00
 8.78389388e+00
 3.78389388e+00
 7.78389388e+00
 5.78389388e+00
 5.78389388e+00
 7.83893883e-01
 -2.21610612e+00
 3.78389388e+00
 -1.52161061e+01
 4.78389388e+00
 3.78389388e+00
 -1.22161061e+01
 1.37838939e+01
 -4.21610612e+00
 -9.21610612e+00
 7.78389388e+00
 5.78389388e+00
 5.78389388e+00
 8.78389388e+00
 -5.21610612e+00
 4.78389388e+00
 -1.21610612e+00
 -3.21610612e+00
 -3.21610612e+00
 -2.21610612e+00
 3.78389388e+00
 3.78389388e+00
 -3.21610612e+00
 -2.21610612e+00
 -1.32161061e+01
 3.78389388e+00
 6.78389388e+00
 -6.21610612e+00
 3.17838939e+01
 3.07838939e+01
 2.78389388e+00
 7.83893883e-01
 -2.19988103e+01
 8.00118966e+00
 -4.99881034e+00
 1.00011897e+01
 1.40011897e+01
 5.00118966e+00
 4.00118966e+00
 -1.39988103e+01
 1.20011897e+01
 -1.99881034e+00
 -2.99881034e+00
 -2.09988103e+01
 1.30011897e+01
 1.30011897e+01
 1.30011897e+01
 4.00118966e+00
 4.00118966e+00
 3.00118966e+00
 5.00118966e+00
 -8.99881034e+00
 -1.39988103e+01
 -3.99881034e+00
 1.18966240e-03
 5.00118966e+00
 -9.98810338e-01
 1.00118966e+00
 -2.69988103e+01
 -2.19988103e+01
 -9.98810338e-01
 8.00118966e+00
 4.00118966e+00
 -9.98810338e-01
 3.30011897e+01
 1.60011897e+01
 -1.79988103e+01
 -2.99881034e+00
 1.60011897e+01
 2.00118966e+00
 -3.99881034e+00
 5.00118966e+00
 4.00118966e+00
 -1.79988103e+01
 -1.99881034e+00
 -5.99881034e+00
 -9.98810338e-01
 1.00118966e+00
 -9.98810338e-01
 -5.99881034e+00
 2.00118966e+00
 1.00118966e+00
 -3.99881034e+00
 -3.99881034e+00
 -9.98810338e-01
 -5.99881034e+00
 -9.98810338e-01
 -9.99881034e+00
 -9.98810338e-01
 6.00118966e+00
 -1.79988103e+01
 2.20011897e+01
 -7.99881034e+00
 3.00011897e+01
 9.00118966e+00
 5.00118966e+00
 -1.99881034e+00
 1.00118966e+00
 9.00118966e+00
 -3.99881034e+00
 2.00118966e+00
 2.00118966e+00
 1.18966240e-03
 1.18966240e-03
 4.00118966e+00
 4.22954149e+00
 2.22954149e+00
 -3.77045851e+00
 -1.77045851e+00
 2.12295415e+01
 -1.77045851e+00
 1.42295415e+01
 1.62295415e+01
 -1.17704585e+01
 5.22954149e+00
 1.32295415e+01
 1.12295415e+01
 -3.77045851e+00
 -9.77045851e+00
 5.22954149e+00
 -6.77045851e+00
 2.29541489e-01
 -3.77045851e+00
 3.22954149e+00
 -9.77045851e+00
 -3.77045851e+00
 6.22954149e+00
 2.22954149e+00
 1.22954149e+00
 6.22954149e+00
 9.22954149e+00
 1.92295415e+01
 -7.70458511e-01
 -1.77045851e+00
 -1.07704585e+01
 1.22295415e+01
 7.22954149e+00
 -5.77045851e+00
 -3.77045851e+00
 4.22954149e+00
 2.22954149e+00
 5.22954149e+00
 2.22954149e+00
 -4.77045851e+00
 -7.70458511e-01
 4.22954149e+00
 -1.77045851e+00
 8.22954149e+00
 -9.77045851e+00
 1.12295415e+01
 -9.77045851e+00
 -1.07704585e+01
 1.52295415e+01
 -6.77045851e+00
 2.22954149e+00
 2.22954149e+00
 -1.67704585e+01
 1.12295415e+01
 -2.07704585e+01
 1.22954149e+00
 -1.67704585e+01
 -2.57704585e+01
 6.22954149e+00
 -3.77045851e+00
 -1.47704585e+01
 1.92295415e+01
 2.22954149e+00
 3.52295415e+01
 2.82295415e+01
 5.22954149e+00
 2.22295415e+01
 2.62295415e+01
 -2.11770459e+02
 -1.47704585e+01
 -4.56329210e+00
 6.43670790e+00
 -5.63292102e-01
 -3.56329210e+00
 8.43670790e+00
 7.43670790e+00
 4.36707898e-01
 1.24367079e+01
 1.14367079e+01
 6.43670790e+00
 4.43670790e+00
 2.43670790e+00
 2.14367079e+01
 -1.56329210e+00
 -3.56329210e+00
 1.44367079e+01
 1.43670790e+00
 6.43670790e+00
 3.43670790e+00
 3.43670790e+00
 8.43670790e+00
 4.43670790e+00
 1.24367079e+01
 1.14367079e+01
 5.43670790e+00
 -4.56329210e+00
 7.43670790e+00
 5.43670790e+00
 -1.55632921e+01
 8.43670790e+00
 2.24367079e+01
 7.43670790e+00
 1.04367079e+01
 2.64367079e+01
 -6.56329210e+00
 5.43670790e+00
 -1.56329210e+00
 2.43670790e+00
 2.43670790e+00
 -1.55632921e+01
 8.43670790e+00
 -8.56329210e+00
 -2.56329210e+00
 2.04367079e+01
 6.43670790e+00
 -2.56329210e+00
 -1.45632921e+01
 9.43670790e+00
 8.43670790e+00
 -8.56329210e+00
 -3.56329210e+00
 -1.25632921e+01
 -9.56329210e+00
 -7.56329210e+00
 -1.35632921e+01
 3.43670790e+00
 7.43670790e+00
 6.43670790e+00
 2.43670790e+00
 1.54367079e+01
 1.04367079e+01
 -8.56329210e+00
 -1.35632921e+01
 1.43670790e+00
 1.64367079e+01
 1.54367079e+01
 1.44367079e+01
 2.44367079e+01
 -1.55632921e+01
 4.36707898e-01
 8.43670790e+00
 -2.56329210e+00
 -5.41243769e+00
 -2.41243769e+00
 -2.41243769e+00
 1.45875623e+01
 8.58756231e+00
 1.58756231e+00
 1.25875623e+01
 -1.64124377e+01
 1.25875623e+01
 2.58756231e+00
 1.05875623e+01
 1.15875623e+01
 -1.34124377e+01
 1.58756231e+00
 1.65875623e+01
 -5.41243769e+00
 1.25875623e+01
 1.95875623e+01
 8.58756231e+00
 -1.41243769e+00
 1.55875623e+01
 -2.41243769e+00
 5.87562307e-01
 6.58756231e+00
 1.15875623e+01
 -6.41243769e+00
 1.58756231e+00
 6.58756231e+00
 -1.24124377e+01
 1.55875623e+01
 -3.41243769e+00
 1.58756231e+00
 2.58756231e+00
 -4.41243769e+00
 1.25875623e+01
 3.58756231e+00
 -6.41243769e+00
 -9.41243769e+00
 -4.12437693e-01
 -2.41243769e+00
 -6.41243769e+00
 -8.41243769e+00
 8.58756231e+00
 1.58756231e+00
 4.58756231e+00
 7.58756231e+00
 8.58756231e+00
 1.25875623e+01
 -1.04124377e+01
 7.58756231e+00
 6.58756231e+00
 3.58756231e+00
 1.45875623e+01
 9.58756231e+00
 7.58756231e+00
 1.55875623e+01
 -8.41243769e+00
 -5.41243769e+00
 1.85875623e+01
 -7.41243769e+00
 3.58756231e+00
 3.58756231e+00
 -3.41243769e+00
 5.58756231e+00
 -7.41243769e+00
 1.55875623e+01
 -1.24124377e+01
 5.58756231e+00
 2.58756231e+00
 5.87562307e-01
 5.58756231e+00
 -1.34124377e+01
 6.58756231e+00
 1.15875623e+01
 -3.41243769e+00
 2.05875623e+01
 -1.41243769e+00
 1.58756231e+00
 -1.04124377e+01
 3.55875623e+01
 -1.74124377e+01
 2.58756231e+00
 1.45875623e+01
 -4.12437693e-01
 -2.35257129e+00
 -7.35257129e+00
 2.64742871e+00
 -1.23525713e+01
 1.06474287e+01
 3.64742871e+00
 5.64742871e+00
 6.47428710e-01
 2.64742871e+00
 1.66474287e+01
 3.64742871e+00
 1.64742871e+00
 8.64742871e+00
 2.64742871e+00
 1.16474287e+01
 1.46474287e+01
 6.64742871e+00
 -8.35257129e+00
 -3.52571290e-01
 1.36474287e+01
 2.64742871e+00
 1.36474287e+01
 2.26474287e+01
 1.46474287e+01
 1.64742871e+00
 1.96474287e+01
 7.64742871e+00
 1.76474287e+01
 -1.13525713e+01
 -5.35257129e+00
 2.06474287e+01
 5.64742871e+00
 6.64742871e+00
 -3.35257129e+00
 2.64742871e+00
 7.64742871e+00
 6.47428710e-01
 -2.35257129e+00
 -5.35257129e+00
 2.36474287e+01
 -3.35257129e+00
 -1.13525713e+01
 1.76474287e+01
 3.64742871e+00
 7.64742871e+00
 1.64742871e+00
 2.64742871e+00
 1.36474287e+01
 2.36474287e+01
 6.47428710e-01
 4.64742871e+00
 2.64742871e+00
 2.46474287e+01
 4.64742871e+00
 3.64742871e+00
 1.06474287e+01
 6.47428710e-01
 1.64742871e+00
 -8.35257129e+00
 1.76474287e+01
 -2.13525713e+01
 -1.23525713e+01
 2.46474287e+01
 -6.23525713e+01
 1.46474287e+01
 7.64742871e+00
 2.76474287e+01
 1.06474287e+01
 7.64742871e+00
 -3.52571290e-01
 1.06474287e+01
 5.64742871e+00
 1.56474287e+01
 1.16474287e+01
 -3.52571290e-01
 -1.24145723e+01
 5.85427715e-01
 1.58542772e+00
 8.58542772e+00
 6.58542772e+00
 5.58542772e+00
 4.58542772e+00
 2.85854277e+01
 4.58542772e+00
 -4.14572285e-01
 2.05854277e+01
 2.95854277e+01
 2.58542772e+00
 9.58542772e+00
 6.58542772e+00
 2.58542772e+00
 -5.41457228e+00
 4.58542772e+00
 1.95854277e+01
 -1.24145723e+01
 -1.84145723e+01
 -1.54145723e+01
 2.58542772e+00
 -6.41457228e+00
 -3.41457228e+00
 -9.41457228e+00
 2.45854277e+01
 3.58542772e+00
 -1.04145723e+01
 -2.41457228e+00
 8.58542772e+00
 -4.41457228e+00
 2.15854277e+01
 -8.41457228e+00
 1.58542772e+00
 1.05854277e+01
 -5.41457228e+00
 1.05854277e+01
 1.15854277e+01
 -4.14572285e-01
 3.58542772e+00
 1.25854277e+01
 3.15854277e+01
 1.35854277e+01
 5.58542772e+00
 6.58542772e+00
 -3.41457228e+00
 9.58542772e+00
 7.58542772e+00
 1.05854277e+01
 3.58542772e+00
 -1.44145723e+01
 -9.41457228e+00
 7.58542772e+00
 7.58542772e+00
 7.58542772e+00
 -1.14145723e+01
 2.58542772e+00
 4.58542772e+00
 -5.74145723e+01
 -1.94145723e+01
 5.85427715e-01
 -1.14145723e+01
 1.58542772e+00
 1.15854277e+01
 -1.41457228e+00
 -3.44145723e+01
 9.58542772e+00
 2.15854277e+01
 3.55854277e+01
 9.58542772e+00
 1.25854277e+01
 1.15854277e+01
 -7.41457228e+00
 -1.14145723e+01
 -4.14572285e-01
 2.85854277e+01
 5.58542772e+00
 1.55854277e+01
 1.05854277e+01
 2.25854277e+01
 4.58542772e+00
 -1.41457228e+00
 5.58542772e+00
 8.37757670e+00
 -2.62242330e+00
 -3.62242330e+00
 1.37757670e+00
 1.43775767e+01
 2.93775767e+01
 -3.62242330e+00
 8.37757670e+00
 1.23775767e+01
 -5.62242330e+00
 -5.62242330e+00
 -6.22423302e-01
 1.23775767e+01
 -1.46224233e+01
 1.23775767e+01
 1.13775767e+01
 -3.62242330e+00
 2.03775767e+01
 1.43775767e+01
 -1.62242330e+00
 1.03775767e+01
 3.13775767e+01
 6.37757670e+00
 3.53775767e+01
 4.37757670e+00
 4.37757670e+00
 2.03775767e+01
 1.53775767e+01
 1.53775767e+01
 7.37757670e+00
 2.23775767e+01
 8.37757670e+00
 1.33775767e+01
 1.43775767e+01
 5.37757670e+00
 4.37757670e+00
 -1.62242330e+00
 -1.46224233e+01
 4.37757670e+00
 1.73775767e+01
 -1.62242330e+00
 1.33775767e+01
 2.03775767e+01
 3.03775767e+01
 7.37757670e+00
 2.37757670e+00
 8.37757670e+00
 1.23775767e+01
 4.37757670e+00
 -1.06224233e+01
 5.37757670e+00
 1.43775767e+01
 4.37757670e+00
 1.43775767e+01
 2.63775767e+01
 -8.62242330e+00
 1.23775767e+01
 1.33775767e+01
 -1.76224233e+01
 -9.62242330e+00
 9.37757670e+00
 1.23775767e+01
 1.43775767e+01
 1.03775767e+01
 7.37757670e+00
 1.03775767e+01
 3.77576698e-01
 -1.62242330e+00
 8.37757670e+00
 2.33775767e+01
 3.77576698e-01
 -2.06224233e+01
 -1.62242330e+00
 1.23775767e+01
 -3.62242330e+00
 1.03775767e+01
 1.63775767e+01
 -2.99062067e+00
 -3.99062067e+00
 2.00937933e+00
 -2.99062067e+00
 -8.99062067e+00
 2.00937933e+00
 -1.29906207e+01
 -1.99906207e+01
 1.80093793e+01
 -9.90620668e-01
 3.00937933e+00
 -1.39906207e+01
 -2.39906207e+01
 4.00937933e+00
 1.20093793e+01
 -1.09906207e+01
 4.00937933e+00
 8.00937933e+00
 3.10093793e+01
 -7.99062067e+00
 8.00937933e+00
 1.30093793e+01
 2.40093793e+01
 1.10093793e+01
 9.00937933e+00
 2.40093793e+01
 9.00937933e+00
 -1.09906207e+01
 7.00937933e+00
 -2.49906207e+01
 -3.99062067e+00
 -1.69906207e+01
 1.90093793e+01
 1.60093793e+01
 1.50093793e+01
 -3.99062067e+00
 2.00937933e+00
 -8.99062067e+00
 4.00937933e+00
 9.00937933e+00
 1.90093793e+01
 5.00937933e+00
 1.30093793e+01
 1.70093793e+01
 8.00937933e+00
 -8.99062067e+00
 1.80093793e+01
 2.00937933e+00
 1.40093793e+01
 1.30093793e+01
 4.00937933e+00
 1.40093793e+01
 -9.99062067e+00
 -5.99062067e+00
 -9.90620668e-01
 -1.69906207e+01
 1.90093793e+01
 1.20093793e+01
 -2.99062067e+00
 3.60093793e+01
 2.60093793e+01
 2.50093793e+01
 1.50093793e+01
 2.00937933e+00
 -9.90620668e-01
 9.00937933e+00
 -9.99062067e+00
 1.40093793e+01
 2.00937933e+00
 1.00093793e+01
 1.40093793e+01
 9.37933228e-03
 2.60093793e+01
 4.47764103e+00
 -4.52235897e+00
 3.47764103e+00
 6.47764103e+00
 -7.52235897e+00
 2.54776410e+01
 2.14776410e+01
 1.14776410e+01
 1.44776410e+01
 -1.55223590e+01
 1.94776410e+01
 1.47764103e+00
 9.47764103e+00
 2.47764103e+00
 -5.22358973e-01
 -1.52235897e+00
 1.47764103e+00
 6.47764103e+00
 9.47764103e+00
 -2.52235897e+00
 3.47764103e+00
 8.47764103e+00
 -2.52235897e+00
 3.47764103e+00
 1.34776410e+01
 1.14776410e+01
 2.47764103e+00
 -2.52235897e+00
 4.47764103e+00
 1.74776410e+01
 2.47764103e+00
 7.47764103e+00
 9.47764103e+00
 4.77641027e-01
 -1.45223590e+01
 1.24776410e+01
 5.47764103e+00
 -8.52235897e+00
 1.04776410e+01
 6.47764103e+00
 7.47764103e+00
 1.64776410e+01
 9.47764103e+00
 9.47764103e+00
 4.77641027e-01
 9.47764103e+00
 -1.26522359e+02
 2.47764103e+00
 1.14776410e+01
 1.64776410e+01
 2.14776410e+01
 1.94776410e+01
 1.04776410e+01
 1.44776410e+01
 -8.52235897e+00
 5.47764103e+00
 3.47764103e+00
 -1.85223590e+01
 1.04776410e+01
 1.34776410e+01
 -3.05223590e+01
 1.14776410e+01
 1.47764103e+00
 4.77641027e-01
 -5.22358973e-01
 -1.25223590e+01
 1.54776410e+01
 2.34776410e+01
 1.54776410e+01
 1.34776410e+01
 1.74776410e+01
 9.47764103e+00
 9.47764103e+00
 1.47764103e+00
 2.47764103e+00
 -1.52235897e+00
 4.47764103e+00
 8.47764103e+00
 1.27912737e+01
 -1.72087263e+01
 1.07912737e+01
 -6.20872634e+00
 1.57912737e+01
 1.37912737e+01
 1.67912737e+01
 -2.20872634e+00
 3.79127366e+00
 3.07912737e+01
 1.77912737e+01
 1.47912737e+01
 8.79127366e+00
 4.79127366e+00
 6.79127366e+00
 2.07912737e+01
 1.77912737e+01
 1.37912737e+01
 1.79127366e+00
 3.79127366e+00
 -3.20872634e+00
 1.07912737e+01
 1.77912737e+01
 5.79127366e+00
 2.27912737e+01
 8.79127366e+00
 4.79127366e+00
 1.87912737e+01
 1.37912737e+01
 2.57912737e+01
 3.57912737e+01
 1.17912737e+01
 1.27912737e+01
 1.57912737e+01
 -3.20872634e+00
 2.17912737e+01
 2.47912737e+01
 -5.32087263e+01
 1.97912737e+01
 1.57912737e+01
 9.79127366e+00
 2.17912737e+01
 1.77912737e+01
 1.37912737e+01
 7.91273656e-01
 2.27912737e+01
 1.57912737e+01
 1.87912737e+01
 1.17912737e+01
 -2.20872634e+00
 2.07912737e+01
 -3.02907959e+00
 -1.30290796e+01
 -6.02907959e+00
 1.39709204e+01
 1.19709204e+01
 -2.00290796e+01
 4.97092041e+00
 1.49709204e+01
 1.89709204e+01
 1.79709204e+01
 9.97092041e+00
 1.19709204e+01
 1.59709204e+01
 2.19709204e+01
 3.19709204e+01
 7.97092041e+00
 4.97092041e+00
 1.09709204e+01
 6.97092041e+00
 1.69709204e+01
 1.79709204e+01
 1.99709204e+01
 2.19709204e+01
 1.59709204e+01
 3.09709204e+01
 -2.90795947e-02
 2.97092041e+00
 1.69709204e+01
 1.29709204e+01
 3.97092041e+00
 2.97092041e+00
 1.09709204e+01
 -2.90795947e-02
 9.97092041e+00
 1.29709204e+01
 1.59709204e+01
 7.97092041e+00
 1.89709204e+01
 -6.02907959e+00
 6.97092041e+00
 8.97092041e+00
 1.29709204e+01
 3.29709204e+01
 4.97092041e+00
 6.97092041e+00
 -1.91029080e+02
 -7.40290796e+01
 1.69709204e+01
 2.69709204e+01
 8.97092041e+00
 -6.02907959e+00
 -7.02907959e+00
 2.19709204e+01
 6.97092041e+00
 1.39709204e+01
 -1.10290796e+01
 -1.20290796e+01
 -1.40290796e+01
 1.09709204e+01
 1.69709204e+01
 1.49709204e+01
 2.99709204e+01
 1.39709204e+01
 3.19709204e+01
 7.97092041e+00
 1.89709204e+01
 1.39709204e+01
 1.97092041e+00
 -2.70290796e+01
 -7.10290796e+01
 2.80473458e+01
 2.70473458e+01
 2.04734575e+00
 1.04734575e+00
 -8.95265425e+00
 8.04734575e+00
 -4.95265425e+00
 2.50473458e+01
 4.50473458e+01
 2.80473458e+01
 1.40473458e+01
 3.30473458e+01
 4.73457523e-02
 2.00473458e+01
 1.30473458e+01
 -9.52654248e-01
 -2.09526542e+01
 2.80473458e+01
 2.30473458e+01
 1.40473458e+01
 3.70473458e+01
 2.30473458e+01
 9.04734575e+00
 -9.52654248e-01
 1.60473458e+01
 1.30473458e+01
 1.60473458e+01
 1.30473458e+01
 1.40473458e+01
 1.20473458e+01
 1.00473458e+01
 9.04734575e+00
 2.04734575e+00
 8.04734575e+00
 -1.39526542e+01
 -2.95265425e+00
 3.04734575e+00
 -2.99526542e+01
 5.04734575e+00
 -8.99526542e+01
 1.20473458e+01
 1.00473458e+01
 3.04734575e+00
 2.10473458e+01
 1.70473458e+01
 2.04734575e+00
 7.04734575e+00
 -3.69526542e+01
 -1.22952654e+02
 4.04734575e+00
 3.20473458e+01
 -1.79526542e+01
 3.04734575e+00
 2.20473458e+01
 3.90473458e+01
 3.20473458e+01
 1.30473458e+01
 3.04734575e+00
 2.80473458e+01
 1.50473458e+01
 -3.95265425e+00
 1.10473458e+01
 3.70473458e+01
 1.50473458e+01
 8.04734575e+00
 9.04734575e+00
 1.40473458e+01
 4.04734575e+00
 1.50473458e+01
 2.00586877e+01
 3.05868769e+00
 1.40586877e+01
 6.05868769e+00
 -4.94131231e+00
 2.20586877e+01
 3.05868769e+00
 6.05868769e+00
 2.05868769e+00
 1.30586877e+01
 7.05868769e+00
 3.40586877e+01
 1.20586877e+01
 2.30586877e+01
 9.05868769e+00
 1.90586877e+01
 1.10586877e+01
 2.05868769e+00
 3.60586877e+01
 5.05868769e+00
 1.80586877e+01
 5.05868769e+00
 9.05868769e+00
 1.10586877e+01
 -2.19413123e+01
 -9.41312307e-01
 -2.94131231e+00
 1.70586877e+01
 1.05868769e+00
 1.70586877e+01
 -9.94131231e+00
 -1.08941312e+02
 3.40586877e+01
 2.05868769e+00
 -2.94131231e+00
 1.40586877e+01
 1.40586877e+01
 1.40586877e+01
 2.00586877e+01
 -5.69413123e+01
 2.60586877e+01
 8.05868769e+00
 2.05868769e+00
 7.05868769e+00
 2.00586877e+01
 -2.94131231e+00
 -9.41312307e-01
 -2.39413123e+01
 1.90586877e+01
 1.20586877e+01
 -1.69413123e+01
 -1.39413123e+01
 2.00586877e+01
 1.10586877e+01
 1.50586877e+01
 -2.29413123e+01
 -1.59413123e+01
 -3.94131231e+00
 2.20586877e+01
 2.10586877e+01
 2.70586877e+01
 1.50586877e+01
 7.04683425e+00
 -1.79531658e+01
 -1.99531658e+01
 2.20468342e+01
 1.04683425e+00
 -1.29531658e+01
 1.90468342e+01
 -2.95316575e+00
 9.04683425e+00
 -3.95316575e+00
 -8.95316575e+00
 1.80468342e+01
 -3.95316575e+00
 8.04683425e+00
 7.04683425e+00
 2.10468342e+01
 1.04683425e+00
 1.50468342e+01
 1.40468342e+01
 -4.95316575e+00
 1.70468342e+01
 2.04683425e+00
 2.00468342e+01
 2.10468342e+01
 1.04683425e+00
 2.30468342e+01
 1.04683425e+00
 3.04683425e+00
 1.20468342e+01
 7.04683425e+00
 2.04683425e+00
 1.50468342e+01
 -4.69531658e+01
 1.10468342e+01
 9.04683425e+00
 -3.39531658e+01
 1.04683425e+00
 7.04683425e+00
 2.40468342e+01
 1.80468342e+01
 7.04683425e+00
 1.60468342e+01
 1.20468342e+01
 1.80468342e+01
 -9.95316575e+00
 1.80468342e+01
 4.68342482e-02
 5.04683425e+00
 4.04683425e+00
 -1.95316575e+00
 1.40468342e+01
 7.04683425e+00
 1.80468342e+01
 -6.94667217e+00
 2.40533278e+01
 -1.89466722e+01
 -2.89466722e+01
 -1.49466722e+01
 -6.94667217e+00
 8.05332783e+00
 3.50533278e+01
 5.05332783e+00
 1.30533278e+01
 2.80533278e+01
 -1.69466722e+01
 -7.94667217e+00
 -1.89466722e+01
 9.05332783e+00
 2.90533278e+01
 2.00533278e+01
 1.90533278e+01
 -9.46672170e-01
 2.40533278e+01
 2.80533278e+01
 9.05332783e+00
 3.90533278e+01
 2.60533278e+01
 8.05332783e+00
 1.90533278e+01
 2.80533278e+01
 2.40533278e+01
 4.05332783e+00
 1.10533278e+01
 -1.39466722e+01
 2.00533278e+01
 -2.79466722e+01
 3.05332783e+00
 -4.94667217e+00
 8.05332783e+00
 2.50533278e+01
 5.33278301e-02
 3.05332783e+00
 8.05332783e+00
 1.10533278e+01
 1.20533278e+01
 3.05332783e+00
 3.40533278e+01
 2.80533278e+01
 -2.79466722e+01
 3.30533278e+01
 1.40533278e+01
 1.10533278e+01
 -1.69466722e+01
 5.33278301e-02
 1.20533278e+01
 1.10533278e+01
 2.20533278e+01
 7.05332783e+00
 -2.49466722e+01
 1.81152836e+01
 -1.88847164e+01
 7.11528358e+00
 -4.88471642e+00
 1.71152836e+01
 7.11528358e+00
 1.81152836e+01
 8.11528358e+00
 2.11152836e+01
 -8.84716416e-01
 -1.48847164e+01
 1.71152836e+01
 1.21152836e+01
 1.21152836e+01
 -3.88471642e+00
 -4.88471642e+00
 2.31152836e+01
 5.11528358e+00
 1.31152836e+01
 1.11528358e+00
 -8.84716416e-01
 1.15283584e-01
 1.41152836e+01
 1.11152836e+01
 -8.38847164e+01
 2.41152836e+01
 2.41152836e+01
 1.61152836e+01
 2.41152836e+01
 9.11528358e+00
 2.11152836e+01
 2.41152836e+01
 5.11528358e+00
 6.11528358e+00
 5.11528358e+00
 -1.07884716e+02
 1.81152836e+01
 1.11528358e+00
 1.41152836e+01
 1.41152836e+01
 2.11528358e+00
 -5.88471642e+00
 2.21152836e+01
 2.41152836e+01
 1.11528358e+00
 -2.08847164e+01
 -3.88471642e+00
 1.11528358e+00
 -1.18847164e+01
 3.11528358e+00
 1.01152836e+01
 -8.84716416e-01
 -1.08847164e+01
 4.41152836e+01
 3.11528358e+00
 -2.08847164e+01
 2.51152836e+01
 -1.08847164e+01
 1.21152836e+01
 2.21152836e+01
 1.11152836e+01
 1.51152836e+01
 1.72618092e+01
 1.92618092e+01
 1.72618092e+01
 6.26180915e+00
 1.62618092e+01
 2.32618092e+01
 2.22618092e+01
 1.32618092e+01
 -4.73819085e+00
 1.82618092e+01
 4.26180915e+00
 1.72618092e+01
 3.26180915e+00
 2.12618092e+01
 1.26180915e+00
 3.26180915e+00
 -1.87381908e+01
 2.22618092e+01
 -8.73819085e+00
 1.52618092e+01
 1.92618092e+01
 1.12618092e+01
 1.12618092e+01
 4.32618092e+01
 1.82618092e+01
 1.32618092e+01
 9.26180915e+00
 2.92618092e+01
 -6.73819085e+00
 -7.38190849e-01
 1.42618092e+01
 5.26180915e+00
 2.02618092e+01
 1.42618092e+01
 -2.73819085e+00
 -1.27381908e+01
 -9.73819085e+00
 2.12618092e+01
 1.12618092e+01
 3.02618092e+01
 -1.54886667e+01
 -1.24886667e+01
 -9.48866671e+00
 -5.48866671e+00
 3.75113333e+01
 2.45113333e+01
 2.35113333e+01
 1.25113333e+01
 1.25113333e+01
 -2.14886667e+01
 1.25113333e+01
 1.85113333e+01
 1.55113333e+01
 -1.04886667e+01
 2.51133329e+00
 -1.11488667e+02
 7.51133329e+00
 4.51133329e+00
 1.35113333e+01
 2.95113333e+01
 2.35113333e+01
 1.05113333e+01
 9.51133329e+00
 -1.34886667e+01
 1.95113333e+01
 1.45113333e+01
 -9.48866671e+00
 -5.48866671e+00
 -4.48866671e+00
 9.51133329e+00
 4.51133329e+00
 2.25113333e+01
 -2.48866671e+00
 1.51133329e+00
 9.51133329e+00
 7.51133329e+00
 7.51133329e+00
 -1.01298885e+01
 -1.51298885e+01
 1.78701115e+01
 1.38701115e+01
 -1.21298885e+01
 1.98701115e+01
 2.38701115e+01
 2.08701115e+01
 2.08701115e+01
 1.38701115e+01
 1.18701115e+01
 9.87011148e+00
 -1.11298885e+01
 1.38701115e+01
 6.87011148e+00
 -3.12988852e+00
 1.88701115e+01
 -2.11298885e+01
 2.68701115e+01
 -1.31298885e+01
 1.58701115e+01
 8.87011148e+00
 6.87011148e+00
 1.38701115e+01
 -1.31298885e+01
 5.87011148e+00
 1.68701115e+01
 -8.12988852e+00
 2.38701115e+01
 8.87011148e+00
 -6.12988852e+00
 4.87011148e+00
 -5.12988852e+00
 3.48701115e+01
 9.87011148e+00
 3.87011148e+00
 2.08701115e+01
 1.33320132e+01
 -1.66679868e+01
 2.43320132e+01
 1.13320132e+01
 1.03320132e+01
 1.03320132e+01
 -6.67986765e-01
 2.53320132e+01
 2.03320132e+01
 2.03320132e+01
 2.23320132e+01
 1.43320132e+01
 9.33201324e+00
 2.53320132e+01
 -1.66798676e+00
 2.23320132e+01
 -4.66798676e+00
 2.23320132e+01
 2.43320132e+01
 -1.16679868e+01
 2.53320132e+01
 1.23320132e+01
 1.73320132e+01
 7.33201324e+00
 7.87954435e+00
 -2.12045565e+00
 1.98795443e+01
 1.48795443e+01
 9.87954435e+00
 -1.51204557e+01
 1.88795443e+01
 -1.81204557e+01
 1.48795443e+01
 1.78795443e+01
 2.68795443e+01
 -2.12045565e+00
 2.38795443e+01
 7.87954435e+00
 1.68795443e+01
 6.87954435e+00
 -3.12045565e+00
 -3.12045565e+00
 3.98795443e+01
 -2.12045565e+00
 7.87954435e+00
 7.87954435e+00
 1.87954435e+00
 -6.12045565e+00
 -4.12045565e+00
 1.18795443e+01
 5.87954435e+00
 8.87954435e+00
 2.28795443e+01
 1.98795443e+01
 9.87954435e+00
 2.28795443e+01
 -8.12045565e+00
 -1.01204557e+01
 3.98795443e+01
 2.18795443e+01
 3.28795443e+01
 -1.45140580e+01
 -4.51405799e+00
 1.74859420e+01
 2.48594201e+00
 1.04859420e+01
 4.48594201e+00
 1.34859420e+01
 1.24859420e+01
 2.34859420e+01
 1.84859420e+01
 -8.51405799e+00
 -3.51405799e+00
 3.48594201e+00
 1.14859420e+01
 2.54859420e+01
 2.14859420e+01
 2.54859420e+01
 1.14859420e+01
 1.84859420e+01
 4.04859420e+01
 3.34859420e+01
 4.44859420e+01
 2.48594201e+00
 -5.14057989e-01
 1.48594201e+00
 3.34859420e+01
 1.04859420e+01
 1.94859420e+01
 2.64859420e+01
 -1.65140580e+01
 9.48594201e+00
 -2.25140580e+01
 9.48594201e+00
 4.44859420e+01
 1.34859420e+01
 2.14859420e+01
 -2.51405799e+00
 1.04859420e+01
 1.14859420e+01
 1.44859420e+01
 1.44859420e+01
 1.11810998e+00
 -5.88189002e+00
 -1.28818900e+01
 4.11810998e+00
 2.41181100e+01
 -9.88189002e+00
 1.91181100e+01
 2.01181100e+01
 2.11181100e+01
 1.91181100e+01
 6.11810998e+00
 2.71181100e+01
 -1.48818900e+01
 6.11810998e+00
 -5.88189002e+00
 -1.38818900e+01
 5.01181100e+01
 -1.58818900e+01
 2.31181100e+01
 -3.88189002e+00
 1.81181100e+01
 1.81181100e+01
 -4.88189002e+00
 8.11810998e+00
 1.11810998e+00
 -5.88189002e+00
 8.11810998e+00
 5.11810998e+00
 6.11810998e+00
 -1.12598718e+01
 1.77401282e+01
 3.74012820e+00
 1.87401282e+01
 1.27401282e+01
 1.47401282e+01
 -7.25987180e+00
 -5.25987180e+00
 1.07401282e+01
 1.07401282e+01
 9.74012820e+00
 -1.12598718e+01
 7.40128196e-01
 -1.72598718e+01
 -1.25987180e+00
 1.37401282e+01
 1.07401282e+01
 1.74012820e+00
 7.74012820e+00
 -4.25987180e+00
 3.07401282e+01
 2.97401282e+01
 2.87401282e+01
 3.27401282e+01
 3.17401282e+01
 -1.25987180e+00
 6.74012820e+00
 7.40128196e-01
 -1.12598718e+01
 3.74012820e+00
 -2.32598718e+01
 2.27401282e+01
 -5.25987180e+00
 -1.25987180e+00
 1.37401282e+01
 2.07401282e+01
 -1.02598718e+01
 1.17401282e+01
 1.03170610e+01
 1.43170610e+01
 1.73170610e+01
 1.83170610e+01
 2.53170610e+01
 4.31706098e+00
 6.31706098e+00
 4.31706098e+00
 -1.66829390e+01
 1.93170610e+01
 2.43170610e+01
 2.43170610e+01
 3.23170610e+01
 -2.26829390e+01
 -6.82939024e-01
 4.73170610e+01
 1.13170610e+01
 2.23170610e+01
 2.83170610e+01
 1.63170610e+01
 -2.68293902e+00
 2.03170610e+01
 2.31706098e+00
 1.53170610e+01
 1.23170610e+01
 -4.68293902e+00
 3.23170610e+01
 6.31706098e+00
 3.23170610e+01
 7.81878460e+00
 2.38187846e+01
 2.58187846e+01
 -2.18121540e+00
 4.81878460e+00
 1.98187846e+01
 1.58187846e+01
 1.68187846e+01
 -7.18121540e+00
 2.08187846e+01
 1.18187846e+01
 2.88187846e+01
 3.38187846e+01
 -4.18121540e+00
 1.38187846e+01
 4.38187846e+01
 3.18187846e+01
 -1.18121540e+00
 -2.18121540e+00
 -3.18121540e+00
 -1.31812154e+01
 1.58187846e+01
 2.58187846e+01
 1.88187846e+01
 1.48187846e+01
 2.02235498e+01
 3.32235498e+01
 1.22235498e+01
 2.32235498e+01
 3.22354979e+00
 3.42235498e+01
 -1.37764502e+01
 -1.77645021e+00
 4.02235498e+01
 2.62235498e+01
 2.82235498e+01
 4.62235498e+01
 2.72235498e+01
 -6.77645021e+00
 -2.07764502e+01
 -4.77645021e+00
 2.92235498e+01
 2.92235498e+01
 2.72235498e+01
 2.52235498e+01
 4.22354979e+00
 3.02235498e+01
 1.12235498e+01
 5.22354979e+00
 3.22235498e+01
 1.52235498e+01
 -3.77645021e+00
 1.22235498e+01
 1.32235498e+01
 1.62235498e+01
 4.62235498e+01
 1.32235498e+01
 4.92235498e+01
 1.52098786e+00
 8.52098786e+00
 1.15209879e+01
 -2.34790121e+01
 2.45209879e+01
 2.15209879e+01
 7.52098786e+00
 -4.47901214e+00
 -3.54790121e+01
 -1.84790121e+01
 1.15209879e+01
 9.52098786e+00
 2.45209879e+01
 1.05209879e+01
 1.15209879e+01
 2.52098786e+00
 -4.79012143e-01
 -3.54790121e+01
 3.75209879e+01
 5.20987857e-01
 1.65209879e+01
 7.52098786e+00
 4.45209879e+01
 2.85209879e+01
 3.55209879e+01
 1.47142720e+01
 8.71427197e+00
 1.71427197e+00
 2.37142720e+01
 2.57142720e+01
 3.71427197e+00
 3.71427197e+00
 -1.22857280e+01
 1.97142720e+01
 2.97142720e+01
 2.97142720e+01
 2.67142720e+01
 3.57142720e+01
 -1.42857280e+01
 2.67142720e+01
 3.07142720e+01
 3.17142720e+01
 -1.62857280e+01
 2.97142720e+01
 1.71427197e+00
 1.67142720e+01
 3.37142720e+01
 1.07142720e+01
 1.71427197e+00
 2.57142720e+01
 4.27142720e+01
 -8.28572803e+00
 6.71427197e+00
 -2.85728026e-01
 2.77142720e+01
 4.77142720e+01
 1.57142720e+01
 9.82117523e+00
 -1.01788248e+01
 3.58211752e+01
 8.21175229e-01
 2.98211752e+01
 6.82117523e+00
 2.08211752e+01
 1.68211752e+01
 -2.31788248e+01
 1.88211752e+01
 9.82117523e+00
 -4.17882477e+00
 4.82117523e+00
 3.82117523e+00
 -1.81788248e+01
 -3.01788248e+01
 1.28211752e+01
 -5.17882477e+00
 1.38211752e+01
 1.58211752e+01
 -1.17882477e+00
 3.28211752e+01
 5.38738394e+01
 2.18738394e+01
 -3.12616062e+00
 4.38738394e+01
 9.87383938e+00
 -2.91261606e+01
 -2.12616062e+00
 2.08738394e+01
 3.28738394e+01
 1.78738394e+01
 -1.21261606e+01
 -1.81261606e+01
 -3.12616062e+00
 7.87383938e+00
 -2.56126161e+02
 1.98738394e+01
 4.08738394e+01
 1.49171911e+01
 2.79171911e+01
 1.39171911e+01
 -8.08280891e+00
 1.69171911e+01
 2.59171911e+01
 6.91719109e+00
 5.91719109e+00
 3.91719109e+00
 4.09171911e+01
 -5.08280891e+00
 1.19171911e+01
 3.29171911e+01
 2.60061050e+01
 -2.79938950e+01
 6.00610499e+00
 -1.09938950e+01
 1.00610499e+00
 3.50061050e+01
 2.30061050e+01
 2.80061050e+01
 3.00610499e+00
 1.10061050e+01
 -9.99389501e+00
 -9.99389501e+00
 -9.93895012e-01
 -2.99389501e+00
 3.40061050e+01
 2.20061050e+01
 3.60061050e+01
 2.40061050e+01
 -1.39938950e+01
 2.90061050e+01
 2.82015885e+01
 2.52015885e+01
 -7.98411487e-01
 -1.97984115e+01
 2.42015885e+01
 4.12015885e+01
 1.72015885e+01
 -2.27984115e+01
 -1.57984115e+01
 2.02015885e+01
 -7.79841149e+00
 1.82015885e+01
 2.82015885e+01
 1.92015885e+01
 1.32015885e+01
 2.32015885e+01
 1.55664127e+01
 7.56641275e+00
 -1.14335873e+01
 1.85664127e+01
 2.35664127e+01
 2.45664127e+01
 1.05664127e+01
 -1.04335873e+01
 3.85664127e+01
 3.65664127e+01
 4.65664127e+01
 5.66412746e-01
 -1.34335873e+01
 -2.84335873e+01
 5.05664127e+01
 3.05664127e+01
 2.56641275e+00
 2.95664127e+01
 8.56641275e+00
 2.65664127e+01
 1.15664127e+01
 -5.43358725e+00
 5.56641275e+00
 2.65664127e+01
 5.55664127e+01
 -5.83930271e+00
 1.51606973e+01
 5.16069729e+00
 1.41606973e+01
 2.21606973e+01
 2.81606973e+01
 -3.83930271e+00
 3.01606973e+01
 5.31606973e+01
 2.31606973e+01
 1.61606973e+01
 1.21606973e+01
 1.01606973e+01
 1.16069729e+00
 -6.83930271e+00
 1.61606973e+01
 3.71606973e+01
 1.61606973e+01
 1.91606973e+01
 1.41606973e+01
 1.60697288e-01
 9.16069729e+00
 9.16069729e+00
 -8.96204768e+00
 1.70379523e+01
 -5.96204768e+00
 -3.96204768e+00
 -3.09620477e+01
 -1.89620477e+01
 1.40379523e+01
 -4.96204768e+00
 3.10379523e+01
 2.80379523e+01
 -1.96204768e+00
 -9.96204768e+00
 -1.59620477e+01
 -1.79620477e+01
 -1.96204768e+00
 -2.19620477e+01
 -3.96204768e+00
 -9.62047677e-01
 1.80379523e+01
 6.03795232e+00
 4.03795232e+00
 -8.96204768e+00
 7.03795232e+00
 1.70379523e+01
 1.70379523e+01
 3.00379523e+01
 -7.75801283e+00
 2.41987172e-01
 4.24198717e+00
 -2.75801283e+00
 2.42419872e+01
 3.42419872e+01
 8.24198717e+00
 4.24198717e+00
 3.02419872e+01
 8.24198717e+00
 2.22419872e+01
 1.82419872e+01
 1.22419872e+01
 2.62419872e+01
 -1.11950630e+01
 2.78049370e+01
 1.58049370e+01
 -1.91950630e+01
 5.80493700e+00
 -2.41950630e+01
 4.78049370e+01
 1.38049370e+01
 3.08049370e+01
 1.58049370e+01
 4.80493700e+00
 3.58049370e+01
 -1.19506300e+00
 -6.19506300e+00
 1.38049370e+01
 8.80493700e+00
 1.88049370e+01
 1.38049370e+01
 -2.25352223e+00
 1.17464778e+01
 2.07464778e+01
 1.37464778e+01
 2.17464778e+01
 9.74647777e+00
 1.27464778e+01
 1.17464778e+01
 1.87464778e+01
 8.74647777e+00
 -3.25352223e+00
 -2.25352223e+00
 -2.25352223e+00
 4.07464778e+01
 2.57464778e+01
 1.27464778e+01
 1.67464778e+01
 8.74647777e+00
 1.27464778e+01
 3.47464778e+01
 1.74647777e+00
 1.20741348e+01
 -8.92586521e+00
 5.07413479e+00
 1.60741348e+01
 2.00741348e+01
 6.07413479e+00
 7.07413479e+00
 1.20741348e+01
 1.07413479e+00
 -4.92586521e+00
 -6.92586521e+00
 1.07413479e+00
 3.00741348e+01
 1.40741348e+01
 2.00741348e+01
 9.07413479e+00
 4.07413479e+00
 -4.92586521e+00
 2.90741348e+01
 1.87844722e+01
 -2.15527810e-01
 8.78447219e+00
 2.78447219e+00
 1.37844722e+01
 2.57844722e+01
 -7.21552781e+00
 -3.21552781e+00
 2.27844722e+01
 1.37844722e+01
 1.17844722e+01
 1.87844722e+01
 1.37844722e+01
 1.37844722e+01
 4.86489062e+00
 1.28648906e+01
 2.08648906e+01
 2.38648906e+01
 2.86489062e+00
 1.58648906e+01
 -1.13510938e+00
 1.28648906e+01
 8.86489062e+00
 -4.13510938e+00
 -1.35109382e-01
 2.68648906e+01
 1.18648906e+01
 4.86489062e+00
 1.58648906e+01
 4.86489062e+00
 1.98648906e+01
 -6.13510938e+00
 -5.13510938e+00
 2.08648906e+01
 1.38648906e+01
 2.88648906e+01
 -7.70424535e+00
 -3.70424535e+00
 1.32957546e+01
 -6.70424535e+00
 2.02957546e+01
 1.92957546e+01
 8.29575465e+00
 2.12957546e+01
 -4.70424535e+00
 6.29575465e+00
 9.05260407e+00
 2.10526041e+01
 1.50526041e+01
 2.05260407e+00
 1.60526041e+01
 1.00526041e+01
 1.00526041e+01
 3.05260407e+00
 3.05260407e+00
 1.40526041e+01
 1.30526041e+01
 1.00526041e+01
 1.40526041e+01
 2.00526041e+01
 1.40526041e+01
 -1.99473959e+01
 1.70526041e+01
 1.80526041e+01
 2.05260407e+00
 7.10825624e+00
 2.11082562e+01
 1.81082562e+01
 -1.89174376e+00
 5.10825624e+00
 2.10825624e+00
 1.31082562e+01
 1.10825624e+00
 2.51082562e+01
 6.10825624e+00
 4.43466430e+00
 -1.05653357e+01
 1.04346643e+01
 1.04346643e+01
 2.43466430e+00
 -1.05653357e+01
 3.00444775e+00
 6.00444775e+00
 -6.99555225e+00
 1.60044477e+01
 1.30044477e+01
 2.40044477e+01
 3.00444775e+00
 1.40044477e+01
 -1.72079463e+01
 1.87920537e+01
 3.17920537e+01
 4.79205368e+00
 1.79205368e+00
 3.79205368e+00
 -9.20794632e+00
 -2.07946318e-01
 1.57920537e+01
 2.97920537e+01
 3.07920537e+01
 1.79205368e+00
 -4.22546095e+00
 3.77453905e+00
 -2.22546095e+00
 3.77453905e+00
 -5.22546095e+00
 3.77453905e+00
 7.74539053e-01
 5.77453905e+00
 -2.25460947e-01
 1.57745391e+01
 1.47745391e+01
 3.93198941e+00
 -1.00680106e+01
 -2.20680106e+01
 -3.06801059e+00
 7.93198941e+00
 -6.80105885e-02
 1.39319894e+01
 1.49319894e+01
 1.29319894e+01
 1.19319894e+01
 -1.77523893e+01
 3.24761066e+00
 2.12476107e+01
 9.24761066e+00
 1.02476107e+01
 1.24761066e+00
 9.24761066e+00
 -2.92451442e-01
 9.70754856e+00
 1.77075486e+01
 8.70754856e+00
 -8.69949454e+00
 -1.06994945e+01
 2.30050546e+00
 1.63005055e+01
 3.30050546e+00
 -1.98276724e+00
 2.00172328e+01
 -9.98276724e+00
 6.01723276e+00
 -1.11500218e+01
 4.84997821e+00
 1.98499782e+01
 2.18499782e+01
 1.79195889e+00
 1.79195889e+00
 6.79195889e+00
 -2.16308636e+00
 1.83691364e+00
 -7.16308636e+00
 -5.16308636e+00
 2.83691364e+00
 -6.02123269e+00
 5.97876731e+00
 -1.10212327e+01
 1.59787673e+01
 3.97876731e+00
 -2.87885830e+01
 -7.88583014e-01
 3.21141699e+00
 -7.88583014e-01
 1.62114170e+01
 1.92114170e+01
 2.11416986e-01
 -2.78858301e+00
 4.21141699e+00
 9.24042403e-01
 1.29240424e+01
 1.59240424e+01
 3.92404240e+00
 -9.60879958e+00
 3.39120042e+00
 3.39120042e+00
 3.39120042e+00
 2.92366766e+00
 2.15947044e+00
 -3.14908638e+00
